   20   34   27
   19   20   27
   35   20    1
   35   34   20
    2   43    1
   43   35    1
   43    3   42
    3   43    2
   17   18   26
   26   18   27
   18   19   27
   17   25   16
   25   17   26
    3    4   42
    4   41   42
   41    4   47
   36    9   10
   13   21   12
   21   13   22
   14   23   22
   14   15   23
   13   14   22
   25   24   16
   24   15   16
   15   24   23
   45   46    6
   44    8   38
   36   37    9
   37    8    9
    8   37   38
   28   10   11
   28   36   10
   12   28   11
   21   28   12
    5   46   47
   46    5    6
    4    5   47
    7    8   44
    7   44   45
    7   45    6
   34   26   27
   26   34   33
   34   41   33
   42   41   34
   43   42   34
   35   43   34
   23   29   22
   29   23   30
   25   26   33
   32   25   33
   41   40   33
   40   32   33
   44   38   39
   45   44   39
   46   45   39
   40   46   39
   46   40   41
   46   41   47
   37   29   30
   38   37   30
   37   28   29
   28   37   36
   29   28   22
   28   21   22
   40   31   32
   31   40   39
   31   38   30
   38   31   39
   31   25   32
   31   24   25
   23   31   30
   24   31   23
